0.000000
0.000000
0.000000
0.000000
0.000000
0.000000
0.000000
0.000000
0.000000
0.000000
0.000000
0.000000
0.000000
0.000000
0.000000
0.000000
0.000000
0.000000
0.000000
0.000000
0.000000
0.000000
0.000000
0.000000
0.000000
0.000000
0.000000
0.000000
0.000000
0.000000
0.000000
0.000000
0.000000
0.000000
0.000000
0.000000
0.000000
0.000000
0.000000
0.000000
0.000000
0.000000
0.000000
0.829235
2.004169
2.812500
0.000000
0.000000
0.000000
0.000000
0.000000
0.000000
0.000000
0.000000
0.000000
0.000000
0.000000
0.000000
0.000000
0.000000
0.000000
0.000000
0.000000
0.000000
0.000000
0.000000
0.000000
0.000000
0.000000
0.000000
0.000000
0.000000
0.000000
0.338767
0.227633
0.153563
0.080594
0.101051
0.000000
0.000000
0.000000
0.000000
0.000000
0.000000
0.000000
0.000000
0.000000
0.000000
0.000000
0.000000
0.000000
0.000000
0.000000
0.000000
0.000000
0.000000
0.000000
0.000000
0.000000
2.812500
0.000000
0.385791
0.551845
0.505341
0.161422
0.098060
0.045007
0.139851
1.938173
0.000000
0.000000
0.000000
0.000000
0.000000
0.000000
0.000000
0.000000
0.000000
0.000000
0.000000
0.000000
0.000000
0.000000
0.000000
0.000000
0.000000
0.000000
0.000000
0.000000
0.417073
1.039949
0.289763
0.254643
0.333287
0.124539
0.057967
0.092837
0.163431
0.443355
0.000000
0.000000
0.000000
0.000000
0.000000
0.000000
0.000000
0.000000
0.000000
0.000000
0.000000
0.000000
0.000000
0.122854
1.145371
1.559862
0.999645
0.561968
1.282427
0.657718
0.242731
0.206582
0.132406
0.110568
0.152036
0.129254
0.058009
0.077168
0.261903
0.699868
0.000000
0.000000
0.000000
0.000000
0.000000
0.000000
0.000000
0.000000
0.000000
0.000000
0.000000
0.204582
0.010724
0.014567
0.016906
0.152885
0.046365
0.066055
0.206255
0.120965
0.064685
0.155048
0.478400
0.051569
0.086406
0.218490
0.060232
0.086010
0.846057
2.064762
0.000000
0.000000
0.000000
0.000000
0.000000
0.000000
0.000000
0.000000
0.000000
0.000000
0.000000
0.041521
0.000000
0.043879
0.000000
0.001741
0.000000
0.196597
0.154131
0.142308
0.275308
2.010518
0.000000
0.054798
0.090520
0.083637
0.043590
0.061706
0.175713
0.000000
0.000000
0.000000
0.000000
0.000000
0.000000
0.000000
0.000000
0.000000
0.000000
0.000000
0.000000
0.000000
0.027425
0.080669
0.000000
0.054370
0.000000
0.000000
0.000000
0.000000
0.000000
0.000000
0.000000
0.000000
1.551306
0.123087
0.184754
2.812500
0.000000
0.000000
0.000000
0.000000
0.000000
0.000000
0.000000
0.000000
0.000000
0.000000
0.000000
0.000000
0.000000
0.000000
0.065262
0.121652
0.000000
0.000000
0.000000
0.000000
0.000000
0.000000
0.000000
0.000000
0.000000
0.000000
0.000000
2.812500
0.000000
0.000000
0.000000
0.000000
0.000000
0.000000
0.000000
0.000000
0.000000
0.000000
0.000000
0.000000
0.000000
0.000000
0.000000
